
red
64 0 0

orange
64 32 0

yellow
64 64 0

green
0 64 0

teal
0 64 64

blue
0 0 64

purple
64 0 64

dark_red
32 0 0

dark_orange
32 16 0

dark_yellow
32 32 0

dark_green
0 32 0

dark_teal
0 32 32

dark_blue
0 0 32

dark_purple
32 0 32

light_red
255 128 128

light_orange
255 128 128

light_yellow
255 255 128

light_green
128 255 128

light_teal
128 255 255

light_blue
128 128 255

light_purple
255 128 255

black
0 0 0

dark_grey
32 32 32

grey
64 64 64

light_grey
128 128 128

white
255 255 255

000
0 0 0

001
0 0 32

002
0 0 64

003
0 0 128

004
0 0 255

010
0 32 0

011
0 32 32

012
0 32 64

013
0 32 128

014
0 32 255

020
0 64 0

021
0 64 32

022
0 64 64

023
0 64 128

024
0 64 255

030
0 128 0

031
0 128 32

032
0 128 64

033
0 128 128

034
0 128 255

040
0 255 0

041
0 255 32

042
0 255 64

043
0 255 128

044
0 255 255

100
32 0 0

101
32 0 32

102
32 0 64

103
32 0 128

104
32 0 255

110
32 32 0

111
32 32 32

112
32 32 64

113
32 32 128

114
32 32 255

120
32 64 0

121
32 64 32

122
32 64 64

123
32 64 128

124
32 64 255

130
32 128 0

131
32 128 32

132
32 128 64

133
32 128 128

134
32 128 255

140
32 255 0

141
32 255 32

142
32 255 64

143
32 255 128

144
32 255 255

200
64 0 0

201
64 0 32

202
64 0 64

203
64 0 128

204
64 0 255

210
64 32 0

211
64 32 32

212
64 32 64

213
64 32 128

214
64 32 255

220
64 64 0

221
64 64 32

222
64 64 64

223
64 64 128

224
64 64 255

230
64 128 0

231
64 128 32

232
64 128 64

233
64 128 128

234
64 128 255

240
64 255 0

241
64 255 32

242
64 255 64

243
64 255 128

244
64 255 255

300
128 0 0

301
128 0 32

302
128 0 64

303
128 0 128

304
128 0 255

310
128 32 0

311
128 32 32

312
128 32 64

313
128 32 128

314
128 32 255

320
128 64 0

321
128 64 32

322
128 64 64

323
128 64 128

324
128 64 255

330
128 128 0

331
128 128 32

332
128 128 64

333
128 128 128

334
128 128 255

340
128 255 0

341
128 255 32

342
128 255 64

343
128 255 128

344
128 255 255

400
255 0 0

401
255 0 32

402
255 0 64

403
255 0 128

404
255 0 255

410
255 32 0

411
255 32 32

412
255 32 64

413
255 32 128

414
255 32 255

420
255 64 0

421
255 64 32

422
255 64 64

423
255 64 128

424
255 64 255

430
255 128 0

431
255 128 32

432
255 128 64

433
255 128 128

434
255 128 255

440
255 255 0

441
255 255 32

442
255 255 64

443
255 255 128

444
255 255 255
