
_
0 0 0

000
0 0 0

001
0 0 32

002
0 0 64

003
0 0 128

004
0 0 255

010
0 32 0

011
0 32 32

012
0 32 64

013
0 32 128

014
0 32 255

020
0 64 0

021
0 64 32

022
0 64 64

023
0 64 128

024
0 64 255

030
0 128 0

031
0 128 32

032
0 128 64

033
0 128 128

0 3 4
0 128 255

0 4 0
0 255 0

0 4 1
0 255 32

0 4 2
0 255 64

0 4 3
0 255 128

0 4 4
0 255 255

100
0 0 0

001
0 0 32

002
0 0 64

003
0 0 128

004
0 0 255

010
0 32 0

011
0 32 32

012
0 32 64

013
0 32 128

014
0 32 255

020
0 64 0

021
0 64 32

022
0 64 64

023
0 64 128

024
0 64 255

030
0 128 0

031
0 128 32

032
0 128 64

033
0 128 128

0 3 4
0 128 255

0 4 0
0 255 0

0 4 1
0 255 32

0 4 2
0 255 64

0 4 3
0 255 128

0 4 4
0 255 255
